Time (sec),Force (lb),EE (in/in),Stress (psi),"Stress, Corr. (psi)"
0.0,0.0,0.0,0.0,0.0
0.0475500727132,0.008094,0.000586450896796,0.64752,0.647899738685
0.109550072713,0.0226,0.00135111756346,1.808,1.81044282055
0.171550072713,0.0317,0.00211578423013,2.536,2.54136562881
0.233550072713,0.04002,0.0028804508968,3.2016,3.21082205159
0.295550072713,0.06419,0.00364511756346,5.1352,5.15391840771
0.357550072713,0.08049,0.00440978423013,6.4392,6.46759548261
0.419550072713,0.09454,0.0051744508968,7.5632,7.60233540702
0.481550072713,0.1083,0.00593911756346,8.664,8.71545651457
0.543550072713,0.1083,0.00670378423013,8.664,8.72208158657
0.605550072713,0.1359,0.0074684508968,10.872,10.9531969981
0.667550072713,0.1521,0.00823311756346,12.168,12.2681805745
0.729550072713,0.1649,0.00899778423013,13.192,13.3106987696
0.791550072713,0.1771,0.0097624508968,14.168,14.3063144043
0.853550072713,0.1903,0.0105271175635,15.224,15.3842648378
0.915550072713,0.2009,0.0112917842301,16.072,16.2534815561
0.977550072713,0.2126,0.0120564508968,17.008,17.2130561169
1.03955007271,0.2246,0.0128211175635,17.968,18.1983698404
1.10155007271,0.2352,0.0135857842301,18.816,19.0716301161
1.16355007271,0.2504,0.0143504508968,20.032,20.3194682324
1.22555007271,0.2572,0.0151151175635,20.576,20.887008659
1.28755007271,0.2715,0.0158797842301,21.72,22.0649089135
1.34955007271,0.2826,0.0166444508968,22.608,22.9842977459
1.41155007271,0.293,0.0174091175635,23.44,23.8480697157
1.47355007271,0.3025,0.0181737842301,24.2,24.6398055784
1.53555007271,0.3127,0.0189384508968,25.016,25.4897642876
1.59755007271,0.3226,0.0197031175635,25.808,26.3164980581
1.65955007271,0.333,0.0204677842301,26.64,27.1852617719
1.72155007271,0.3425,0.0212324508968,27.4,27.9817691546
1.78355007271,0.3558,0.0219971175635,28.464,29.0901259543
1.84555007271,0.3628,0.0227617842301,29.024,29.6846380255
1.90755007271,0.3747,0.0235264508968,29.976,30.6812288921
1.96955007271,0.3839,0.0242911175635,30.712,31.4580288026
2.03155007271,0.393,0.0250557842301,31.44,32.2277538562
2.09355007271,0.4017,0.0258204508968,32.136,32.96576601
2.15555007271,0.4111,0.0265851175635,32.888,33.7623313464
2.21755007271,0.4199,0.0273497842301,33.592,34.5107339519
2.27955007271,0.4294,0.0281144508968,34.352,35.3177876172
2.34155007271,0.4381,0.0288791175635,35.048,36.0601553124
2.40355007271,0.4498,0.0296437842301,35.984,37.0507019317
2.46555007271,0.4553,0.0304084508968,36.424,37.5315974155
2.52755007271,0.468,0.0311731175635,37.44,38.6071215216
2.58955007271,0.4754,0.0319377842301,38.032,39.2466578098
2.65155007271,0.4846,0.0327024508968,38.768,40.0358086164
2.71355007271,0.4933,0.0334671175635,39.464,40.7847463275
2.77555007271,0.5019,0.0342317842301,40.152,41.5264746004
2.83755007271,0.5096,0.0349964508968,40.768,42.1947353102
2.89955007271,0.5187,0.0357611175635,41.496,42.9799433344
2.96155007271,0.528,0.0365257842301,42.24,43.7828491259
3.02355007271,0.528,0.0372904508968,42.24,43.8151486459
3.08555007271,0.545,0.0380551175635,43.6,45.2592031258
3.14755007271,0.5556,0.0388197842301,44.448,46.1734617695
3.20955007271,0.5641,0.0395844508968,45.128,46.9143671001
3.27155007271,0.5722,0.0403491175635,45.776,47.6230212056
3.33355007271,0.5812,0.0411137842301,46.496,48.4076265116
3.39555007271,0.5895,0.0418784508968,47.16,49.1349877443
3.45755007271,0.5977,0.0426431175635,47.816,49.8550233094
3.51955007271,0.6058,0.0434077842301,48.464,50.5677148549
3.58155007271,0.6139,0.0441724508968,49.112,51.2813974084
3.64355007271,0.6246,0.0449371175635,49.968,52.2134178904
3.70555007271,0.6305,0.0457017842301,50.44,52.7451979966
3.76755007271,0.6409,0.0464664508968,51.272,53.6544278704
3.82955007271,0.6499,0.0472311175635,51.992,54.4476402644
3.89155007271,0.6577,0.0479957842301,52.616,55.1413461831
3.95355007271,0.6661,0.0487604508968,53.288,55.8863469074
4.01555007271,0.6746,0.0495251175635,53.968,56.6407715447
4.07755007271,0.6823,0.0502897842301,54.584,57.3290175824
4.13955007271,0.6909,0.0510544508968,55.272,58.09388161
4.20155007271,0.6992,0.0518191175635,55.936,58.83455416
4.26355007271,0.7092,0.0525837842301,56.736,59.7193935821
4.32555007271,0.7146,0.0533484508968,57.168,60.2178242409
4.38755007271,0.7258,0.0541131175635,58.064,61.2060240582
4.44955007271,0.7335,0.0548777842301,58.68,61.9002283786
4.51155007271,0.7414,0.0556424508968,59.312,62.6122650476
4.57355007271,0.7487,0.0564071175635,59.896,63.2745607136
4.63555007271,0.7569,0.0571717842301,60.552,64.0138658787
4.69755007271,0.7643,0.0579364508968,61.144,64.6864663536
4.75955007271,0.7727,0.0587011175635,61.816,65.4446682833
4.82155007271,0.7798,0.0594657842301,62.384,66.0937134834
4.88355007271,0.7906,0.0602304508968,63.248,67.0574555583
4.94555007271,0.7958,0.0609951175635,63.664,67.5471931646
5.00755007271,0.8061,0.0617597842301,64.488,68.4707649654
5.06955007271,0.8131,0.0625244508968,65.048,69.1150904819
5.13155007271,0.8215,0.0632891175635,65.72,69.8793608063
5.19355007271,0.829,0.0640537842301,66.32,70.5680469701
5.25555007271,0.8362,0.0648184508968,66.896,71.2320950912
5.31755007271,0.8442,0.0655831175635,67.536,71.9652214278
5.37955007271,0.8511,0.0663477842301,68.088,72.6054879327
5.44155007271,0.8582,0.0671124508968,68.656,73.2636724288
5.50355007271,0.8674,0.0678771175635,69.392,74.102128942
5.56555007271,0.8726,0.0686417842301,69.808,74.5997456735
5.62755007271,0.8812,0.0694064508968,70.496,75.3888771624
5.68955007271,0.8891,0.0701711175635,71.128,76.1191312501
5.75155007271,0.8961,0.0709357842301,71.688,76.7732444999
5.81355007271,0.9032,0.0717004508968,72.256,77.43678778
5.87555007271,0.9099,0.0724651175635,72.792,78.0668808377
5.93755007271,0.9177,0.0732297842301,73.416,78.792237839
5.99955007271,0.9242,0.0739944508968,73.936,79.4068537215
6.06155007271,0.9336,0.0747591175635,74.688,80.2716089726
6.12355007271,0.9377,0.0755237842301,75.016,80.6814921978
6.18555007271,0.947,0.0762884508968,75.76,81.5396130399
6.24755007271,0.9536,0.0770531175635,76.288,82.1662282327
6.30955007271,0.9597,0.0778177842301,76.776,82.7505382021
6.37155007271,0.9667,0.0785824508968,77.336,83.4132524226
6.43355007271,0.9725,0.0793471175635,77.8,83.9732057464
6.49555007271,0.9786,0.0801117842301,78.288,84.5597913638
6.55755007271,0.9849,0.0808764508968,78.792,85.1644173191
6.61955007271,0.9909,0.0816411175635,79.272,85.7438546715
6.68155007271,0.9974,0.0824057842301,79.792,86.3673223353
6.74355007271,1.006,0.0831704508968,80.48,87.1735578882
6.80555007271,1.009,0.0839351175635,80.72,87.4952426897
6.86755007271,1.018,0.0846997842301,81.44,88.3379504277
6.92955007271,1.024,0.0854644508968,81.92,88.9212478175
6.99155007271,1.03,0.0862291175635,82.4,89.5052792872
7.05355007271,1.036,0.0869937842301,82.88,90.090044837
7.11555007271,1.042,0.0877584508968,83.36,90.6755444668
7.17755007271,1.047,0.0885231175635,83.76,91.1746963271
7.23955007271,1.052,0.0892877842301,84.16,91.6744599208
7.30155007271,1.059,0.0900524508968,84.72,92.34924364
7.36355007271,1.065,0.0908171175635,85.2,92.9376184164
7.42555007271,1.069,0.0915817842301,85.52,93.3520741874
7.48755007271,1.077,0.0923464508968,86.16,94.1165702093
7.54955007271,1.082,0.0931111175635,86.56,94.6196983363
7.61155007271,1.087,0.0938757842301,86.96,95.1234381967
7.67355007271,1.093,0.0946404508968,87.44,95.7153610264
7.73555007271,1.098,0.0954051175635,87.84,96.2203855268
7.79755007271,1.103,0.0961697842301,88.24,96.7260217605
7.85955007271,1.11,0.0969344508968,88.8,97.4077792396
7.92155007271,1.114,0.0976991175635,89.12,97.8269453573
7.98355007271,1.121,0.0984637842301,89.68,98.5102321698
8.04555007271,1.124,0.0992284508968,89.92,98.8426223046
8.10755007271,1.13,0.0999931175635,90.4,99.4393778277
8.16955007271,1.135,0.10075778423,90.8,99.9488068081
8.23155007271,1.14,0.101522450897,91.2,100.458847522
8.29355007271,1.145,0.102287117563,91.6,100.969499969
8.35555007271,1.151,0.10305178423,92.08,101.569008292
8.41755007271,1.155,0.103816450897,92.4,101.992640063
8.47955007271,1.16,0.104581117563,92.8,102.50512771
8.54155007271,1.164,0.10534578423,93.12,102.929799428
8.60355007271,1.17,0.106110450897,93.6,103.531938204
8.66555007271,1.173,0.106875117563,93.84,103.869161032
8.72755007271,1.179,0.10763978423,94.32,104.472584449
8.78955007271,1.183,0.108404450897,94.64,104.899397233
8.85155007271,1.187,0.109169117563,94.96,105.326699404
8.91355007271,1.19,0.10993378423,95.2,105.665696259
8.97555007271,1.195,0.110698450897,95.6,106.182771906
9.03755007271,1.2,0.111463117563,96.0,106.700459286
9.09955007271,1.204,0.11222778423,96.32,107.129780177
9.16155007271,1.207,0.112992450897,96.56,107.470551059
9.22355007271,1.213,0.113757117563,97.04,108.078990688
9.28555007271,1.215,0.11452178423,97.2,108.331517427
9.34755007271,1.22,0.115286450897,97.6,108.851957608
9.40955007271,1.224,0.116051117563,97.92,109.283725432
9.47155007271,1.227,0.11681578423,98.16,109.62663738
9.53355007271,1.231,0.117580450897,98.48,110.059322804
9.59555007271,1.234,0.118345117563,98.72,110.403030006
9.65755007271,1.238,0.11910978423,99.04,110.83663303
9.71955007271,1.241,0.119874450897,99.28,111.181135485
9.78155007271,1.245,0.120639117563,99.6,111.615656109
9.84355007271,1.25,0.12140378423,100.0,112.140378423
9.90555007271,1.252,0.122168450897,100.16,112.396392042
9.96755007271,1.256,0.122933117563,100.48,112.832319653
10.0295500727,1.26,0.12369778423,100.8,113.26873665
10.0915500727,1.262,0.124462450897,100.96,113.525729043
10.1535500727,1.266,0.125227117563,101.28,113.963002467
10.2155500727,1.268,0.12599178423,101.44,114.220606592
10.2775500727,1.272,0.126756450897,101.76,114.658736443
10.3395500727,1.276,0.127521117563,102.08,115.097355681
10.4015500727,1.279,0.12828578423,102.32,115.446201442
10.4635500727,1.283,0.129050450897,102.64,115.88573828
10.5255500727,1.284,0.129815117563,102.72,116.054608876
10.5875500727,1.288,0.13057978423,103.04,116.494940967
10.6495500727,1.29,0.131344450897,103.2,116.754747333
10.7115500727,1.293,0.132109117563,103.44,117.105367121
10.7735500727,1.295,0.13287378423,103.6,117.365724046
10.8355500727,1.298,0.133638450897,103.84,117.717016741
10.8975500727,1.3,0.134403117563,104.0,117.977924227
10.9595500727,1.302,0.13516778423,104.16,118.239076405
11.0215500727,1.304,0.135932450897,104.32,118.500473278
11.0835500727,1.308,0.136697117563,104.64,118.943986382
11.1455500727,1.31,0.13746178423,104.8,119.205994987
11.2075500727,1.312,0.138226450897,104.96,119.468248286
11.2695500727,1.315,0.138991117563,105.2,119.821865568
11.3315500727,1.317,0.13975578423,105.36,120.084669426
11.3935500727,1.319,0.140520450897,105.52,120.347717979
11.4555500727,1.321,0.141285117563,105.68,120.611011224
11.5175500727,1.323,0.14204978423,105.84,120.874549163
11.5795500727,1.325,0.142814450897,106.0,121.138331795
11.6415500727,1.328,0.143579117563,106.24,121.49384545
11.7035500727,1.329,0.14434378423,106.32,121.666631139
11.7655500727,1.331,0.145108450897,106.48,121.931147851
11.8275500727,1.333,0.145873117563,106.64,122.195909257
11.8895500727,1.335,0.14663778423,106.8,122.460915356
11.9515500727,1.336,0.147402450897,106.88,122.634373952
12.0135500727,1.338,0.148167117563,107.04,122.899808264
12.0755500727,1.338,0.14893178423,107.04,122.981658184
12.1375500727,1.34,0.149696450897,107.2,123.247459536
12.1995500727,1.341,0.150461117563,107.28,123.421468692
12.2615500727,1.342,0.15122578423,107.36,123.595600195
12.3235500727,1.343,0.151990450897,107.44,123.769854044
12.3855500727,1.344,0.152755117563,107.52,123.94423024
12.4475500727,1.345,0.15351978423,107.6,124.118728783
12.5095500727,1.345,0.154284450897,107.6,124.201006916
12.5715500727,1.346,0.155049117563,107.68,124.375688979
12.6335500727,1.346,0.15581378423,107.68,124.458028286
12.6955500727,1.345,0.156578450897,107.6,124.447841316
12.7575500727,1.345,0.157343117563,107.6,124.53011945
12.8195500727,1.345,0.15810778423,107.6,124.612397583
12.8815500727,1.345,0.158872450897,107.6,124.694675716
12.9435500727,1.345,0.159637117563,107.6,124.77695385
13.0055500727,1.344,0.16040178423,107.52,124.76639984
13.0675500727,1.343,0.161166450897,107.44,124.755723484
13.1295500727,1.343,0.161931117563,107.44,124.837879271
13.1915500727,1.342,0.16269578423,107.36,124.827019395
13.2535500727,1.341,0.163460450897,107.28,124.816037172
13.3155500727,1.34,0.164225117563,107.2,124.804932603
13.3775500727,1.337,0.16498978423,106.96,124.607307321
13.4395500727,1.335,0.165754450897,106.8,124.502575356
13.5015500727,1.331,0.166519117563,106.48,124.210955638
13.5635500727,1.327,0.16728378423,106.16,123.918846534
13.6255500727,1.325,0.168048450897,106.0,123.813135795
13.6875500727,1.321,0.168813117563,105.68,123.520170264
13.7495500727,1.318,0.16957778423,105.44,123.320281569
13.8115500727,1.315,0.170342450897,105.2,123.120025834
13.8735500727,1.313,0.171107117563,105.04,123.013091629
13.9355500727,1.311,0.17187178423,104.88,122.90591273
13.9975500727,1.308,0.172636450897,104.64,122.704678222
14.0595500727,1.304,0.173401117563,104.32,122.409204584
14.1215500727,1.3,0.17416578423,104.0,122.11324156
14.1835500727,1.293,0.174930450897,103.44,121.534805841
14.2455500727,1.289,0.175695117563,103.12,121.237680523
14.3075500727,1.279,0.17645978423,102.32,120.375365122
14.3695500727,1.268,0.177224450897,101.44,119.417648299
14.4315500727,1.26,0.177989117563,100.8,118.74130305
14.4935500727,1.252,0.17875378423,100.16,118.063979028
14.5555500727,1.242,0.179518450897,99.36,117.196953281
14.6175500727,1.234,0.180283117563,98.72,116.517549366
14.6795500727,1.223,0.18104778423,97.84,115.553715209
14.7415500727,1.211,0.181812450897,96.88,114.493990243
14.8035500727,1.203,0.182577117563,96.24,113.811221794
14.8655500727,1.186,0.18334178423,94.88,112.275468488
14.9275500727,1.171,0.184106450897,93.68,110.92709232
14.9895500727,1.154,0.184871117563,92.32,109.387301573
15.0515500727,1.135,0.18563578423,90.8,107.655729208
15.1135500727,1.11,0.186400450897,88.8,105.35236004
15.1755500727,1.079,0.187165117563,86.32,102.476092948
15.2375500727,1.042,0.18792978423,83.36,99.0258268134
15.2995500727,1.006,0.188694450897,80.48,95.6661294082
15.3615500727,0.9757,0.189459117563,78.056,92.8444208805
15.4235500727,0.9369,0.19022378423,74.952,89.2096530756
15.4855500727,0.9145,0.190988450897,73.16,87.1327150676
15.5475500727,0.8676,0.191753117563,69.408,82.7172003838
15.6095500727,0.8276,0.19251778423,66.208,78.9542174583
15.6715500727,0.7757,0.193282450897,62.056,74.0503357729
15.7335500727,0.7183,0.194047117563,57.464,68.6147235637
15.7955500727,0.6126,0.19481178423,49.008,58.5553359216
15.8575500727,0.5356,0.195576450897,42.848,51.228059768
15.9195500727,0.4869,0.196341117563,38.952,46.5998792113
15.9815500727,0.4355,0.19710578423,34.84,41.7071655226
16.0435500727,0.3733,0.197870450897,29.864,35.7732031456
16.1055500727,0.3551,0.198635117563,28.408,34.0508264197
16.1675500727,0.3361,0.19939978423,26.888,32.2494613984
16.2295500727,0.327,0.200164450897,26.16,31.3963020355
16.2915500727,0.3174,0.200929117563,25.392,30.4939921532
16.3535500727,0.3108,0.20169378423,24.864,29.8789142511
16.4155500727,0.3031,0.202458450897,24.248,29.1572125173
16.4775500727,0.2959,0.203223117563,23.672,28.482697639
16.5395500727,0.2894,0.20398778423,23.152,27.8747251805
16.6015500727,0.2827,0.204752450897,22.616,27.2466814295
16.6635500727,0.2737,0.205517117563,21.896,26.3960028062
16.7255500727,0.27,0.20628178423,21.6,26.0556865394
16.7875500727,0.2607,0.207046450897,20.856,25.1741607799
16.8495500727,0.2536,0.207811117563,20.288,24.5040719531
16.9115500727,0.2477,0.20857578423,19.816,23.9491377403
16.9735500727,0.2447,0.209340450897,19.576,23.6740486668
17.0355500727,0.2421,0.210105117563,19.368,23.437315917
17.0975500727,0.2391,0.21086978423,19.128,23.1615172328
17.1595500727,0.2293,0.211634450897,18.344,22.2262223673
17.2215500727,0.2246,0.212399117563,17.968,21.7843873444
17.2835500727,0.2202,0.21316378423,17.616,21.371093223
17.3455500727,0.2189,0.213928450897,17.512,21.2583150321
17.4075500727,0.2143,0.214693117563,17.144,20.8246988075
17.4695500727,0.2112,0.21545778423,16.896,20.5363747224
17.5315500727,0.2067,0.216222450897,16.536,20.111454448
17.5935500727,0.2032,0.216987117563,16.256,19.7833425831
17.6555500727,0.2014,0.21775178423,16.112,19.6204167475
17.7175500727,0.1973,0.218516450897,15.784,19.233063661
17.7795500727,0.193,0.219281117563,15.44,18.8257004552
17.8415500727,0.1901,0.22004578423,15.208,18.5544562866
17.9035500727,0.1862,0.220810450897,14.896,18.1851924766
17.9655500727,0.1837,0.221575117563,14.696,17.9522679277
18.0275500727,0.1791,0.22233978423,14.328,17.5136844284
18.0895500727,0.1747,0.223104450897,13.976,17.0941078057
18.1515500727,0.1714,0.223869117563,13.712,16.78169334
18.2135500727,0.1676,0.22463378423,13.408,16.419889779
18.2755500727,0.163,0.225398450897,13.04,15.9791957997
18.3375500727,0.1585,0.226163117563,12.68,15.5477483307
18.3995500727,0.1552,0.22692778423,12.416,15.233535369
18.4615500727,0.1532,0.227692450897,12.256,15.0465986782
18.5235500727,0.1532,0.228457117563,12.256,15.0559704329
18.5855500727,0.1502,0.22922178423,12.016,14.7703289593
18.6475500727,0.1487,0.229986450897,11.896,14.6319188199
18.7095500727,0.1476,0.230751117563,11.808,14.5327091962
18.7715500727,0.1468,0.23151578423,11.744,14.46292137
18.8335500727,0.1458,0.232280450897,11.664,14.3733191793
18.8955500727,0.1446,0.233045117563,11.568,14.26386592
18.9575500727,0.1443,0.23380978423,11.544,14.2431001492
19.0195500727,0.1433,0.234574450897,11.464,14.1531615051
19.0815500727,0.1429,0.235339117563,11.432,14.122396792
19.1435500727,0.1429,0.23610378423,11.432,14.1311384613
19.2055500727,0.1419,0.236868450897,11.352,14.0409306546
19.2675500727,0.1412,0.237633117563,11.296,13.980303696
19.3295500727,0.1414,0.23839778423,11.312,14.0087557352
19.3915500727,0.1409,0.239162450897,11.272,13.9678391465
19.4535500727,0.1412,0.239927117563,11.296,14.00621672
19.5155500727,0.1403,0.24069178423,11.224,13.9255245862
19.5775500727,0.1404,0.241456450897,11.232,13.9440388565
19.6395500727,0.1407,0.242221117563,11.256,13.9824408993
19.7015500727,0.1402,0.24298578423,11.216,13.9413285559
19.7635500727,0.1401,0.243750450897,11.208,13.9399550537
19.8255500727,0.1404,0.244515117563,11.232,13.9783938005
19.8875500727,0.1404,0.24527978423,11.232,13.9869825365
19.9495500727,0.1402,0.246044450897,11.216,13.9756345613
20.0115500727,0.1398,0.246809117563,11.184,13.9443131708
20.0735500727,0.14,0.24757378423,11.2,13.9728263834
20.1355500727,0.14,0.248338450897,11.2,13.98139065
20.1975500727,0.1394,0.249103117563,11.152,13.9299979671
20.2595500727,0.1403,0.24986778423,11.224,14.0285160102
20.3215500727,0.1394,0.250632450897,11.152,13.9470530924
20.3835500727,0.1393,0.251397117563,11.144,13.9455694781
20.4455500727,0.1398,0.25216178423,11.184,14.0041773948
20.5075500727,0.1394,0.252926450897,11.152,13.9726357804
20.5695500727,0.1386,0.253691117563,11.088,13.9009271115
20.6315500727,0.1385,0.25445578423,11.08,13.8993700893
20.6935500727,0.1384,0.255220450897,11.072,13.8978008323
20.7555500727,0.138,0.255985117563,11.04,13.8660756979
20.8175500727,0.1376,0.25674978423,11.008,13.8343016248
20.8795500727,0.1368,0.257514450897,10.944,13.7622381506
20.9415500727,0.1355,0.258279117563,10.84,13.6397456344
21.0035500727,0.1342,0.25904378423,10.736,13.5170940675
21.0655500727,0.1337,0.259808450897,10.696,13.4749111908
21.1275500727,0.1303,0.260573117563,10.424,13.1402141775
21.1895500727,0.1291,0.26133778423,10.328,13.0270966355
21.2515500727,0.1274,0.262102450897,10.192,12.8633481795
21.3135500727,0.1259,0.262867117563,10.072,12.7195976081
21.3755500727,0.1251,0.26363178423,10.008,12.6464268966
21.4375500727,0.1243,0.264396450897,9.944,12.5731583077
21.4995500727,0.1232,0.265161117563,9.856,12.4694279747
21.5615500727,0.1211,0.26592578423,9.688,12.2642889976
21.6235500727,0.1195,0.266690450897,9.56,12.1095607106
21.6855500727,0.118,0.267455117563,9.44,11.9647763098
21.7475500727,0.1164,0.26821978423,9.312,11.8096626308
21.8095500727,0.1141,0.268984450897,9.128,11.5832900678
21.8715500727,0.111,0.269749117563,8.88,11.275372164
21.9335500727,0.1081,0.27051378423,8.648,10.987403206
21.9955500727,0.1047,0.271278450897,8.376,10.6482283047
22.0575500727,0.102,0.272043117563,8.16,10.3798718393
22.1195500727,0.09926,0.27280778423,7.9408,10.107112053
22.1815500727,0.09836,0.273572450897,7.8688,10.0214869016
22.2435500727,0.09803,0.274337117563,7.8424,9.99386141078
22.3055500727,0.09724,0.27510178423,7.7792,9.91927179988
22.3675500727,0.0969,0.275866450897,7.752,9.89051672735
22.4295500727,0.09623,0.276631117563,7.6984,9.82801699545
22.4915500727,0.09409,0.27739578423,7.5272,9.61521354706
22.5535500727,0.08004,0.278160450897,6.4032,8.18431699918
22.6155500727,0.07948,0.278925117563,6.3584,8.13191746752
22.6775500727,0.07948,0.27968978423,6.3584,8.13677952405
22.7395500727,0.0806,0.280454450897,6.448,8.25637029938
22.8015500727,0.08027,0.281219117563,6.4216,8.22747668535
22.8635500727,0.07993,0.28198378423,6.3944,8.19751710988
22.9255500727,0.08049,0.282748450897,6.4392,8.25987382501
22.9875500727,0.08027,0.283513117563,6.4216,8.24220783575
23.0495500727,0.08049,0.28427778423,6.4392,8.26972150821
23.1115500727,0.08038,0.285042450897,6.4304,8.26333697625
23.1735500727,0.07982,0.285807117563,6.3856,8.21064992991
23.2355500727,0.07982,0.28657178423,6.3856,8.21553278538
23.2975500727,0.07993,0.287336450897,6.3944,8.23174420161
23.3595500727,0.07937,0.288101117563,6.3496,8.17892685608
23.4215500727,0.07937,0.28886578423,6.3496,8.18378218355
23.4835500727,0.0788,0.289630450897,6.304,8.12983036245
23.5455500727,0.07835,0.290395117563,6.268,8.08819659689
23.6075500727,0.07723,0.29115978423,6.1784,7.97730161089
23.6695500727,0.07689,0.291924450897,6.1512,7.94688568236
23.7315500727,0.07656,0.292689117563,6.1248,7.91746230725
23.7935500727,0.07611,0.29345378423,6.0888,7.87558140142
23.8555500727,0.07633,0.294218450897,6.1064,7.90301554856
23.9175500727,0.07577,0.294983117563,6.0616,7.84966966542
23.9795500727,0.07588,0.29574778423,6.0704,7.86570734939
24.0415500727,0.07611,0.296512450897,6.0888,7.89420501102
24.1035500727,0.07588,0.297277117563,6.0704,7.87499101446
24.1655500727,0.07588,0.29804178423,6.0704,7.87963284699
24.2275500727,0.07667,0.298806450897,6.1336,7.96635924722
24.2895500727,0.07656,0.299571117563,6.1248,7.95961318085
24.3515500727,0.07667,0.30033578423,6.1336,7.97573956615
24.4135500727,0.07622,0.301100450897,6.0976,7.93359010939
24.4755500727,0.07644,0.301865117563,6.1152,7.96116556692
24.5375500727,0.07656,0.30262978423,6.1248,7.97834690245
24.5995500727,0.07667,0.303394450897,6.1336,7.99450020402
24.6615500727,0.07678,0.304159117563,6.1424,8.01066696372
24.7235500727,0.07656,0.30492378423,6.1248,7.99239719365
24.7855500727,0.07667,0.305688450897,6.1336,8.00857068242
24.8475500727,0.07701,0.306453117563,6.1608,8.04879636668
24.9095500727,0.07712,0.30721778423,6.1696,8.06501084159
24.9715500727,0.07712,0.307982450897,6.1696,8.06972852905
25.0335500727,0.07768,0.308747117563,6.2144,8.13307808739
